2925527
2925526
2925522
2925390
2919274
2918342
2917343
2917341
2915916
2913581
2911353
2910233
2908497
2907535
2906656
2906168
2904814
2904642
2904076
2901754
2899618
2891335
2890112
2882282
2870486
2869746
2869020
2864670
2864666
2864663
2863174
2861860
2857641
2856078
2855306
2853520
2851840
2850742
2844675
2840519
2836304
2836303
2831750
2831717
2830334
2827935
2827392
2820368
2819112
2813150
2813074
2813073
2813072
2811830
2810280
2808375
2807409
2797723
2794267
2795225
2786272
2786269
2796509
2782981
2782365
2782362
2777252
2777048
2765262
2761926
2761427
2749076
2746451
2738848
2734054
2730482
2724647
2724644
2721954
2721930
2716877
2716875
2716065
2704901
2703982
2703977
2700044
2697992
2696716
2696715
2688120
2679967
2679080
2678717
2672999
2664724
2663285
2660603
2660277
2658653
2658652
2658081
2657092
2654983
2654763
2651921
2650322
2647376
2647109
2647104
2646315
2645434
2643188
2641431
2640423
2639257
2638354
2635999
2634320
2633843
2633840
2633839
2631478
2629209
2615250
2614917
2612920
2612842
2612479
2610258
2610257
2607260
2601984
2601904
2601903
2600745
2598710
2595526
2593893
2593648
2593256
2590471
2585167
2580432
2579248
2578364
2576343
2576164
2573982
2572681
2570742
2570345
2566502
2565352
2563156
2557385
2557384
2557383
2557381
2556909
2555975
2553863
2553306
2551214
2550920
2550083
2548141
2546900
2546653
2545118
2544146
2543987
2542960
2540116
2540115
2539886
2539601
2538462
2535868
2535424
2532579
2531695
2531496
2531286
2528909
2528351
2526140
2525198
2524408
2522789
2518421
2518193
2515098
2513600
2509933
2509395
2509218
2506987
2506592
2505420
2498949
2498947
2498324
2494301
2493587
2491172
2489926
2489288
2488854
2488332
2487862
2487764
2483966
2483444
2483256
2482669
2480582
2478978
2477256
2474145
2473908
2473455
2472516
2496768
2468802
2468115
2463016
2462272
2461520
2461280
2461277
2461275
2459791
2458455
2457821
2457819
2457818
2457127
2454489
2454006
2452531
2447885
2447148
2446456
2445249
2445238
2450547
2450546
2450542
2444231
2441753
2440123
2436171
2434377
2434376
2429194
2429193
2426841
2424571
2424429
2422213
2418927
2415722
2415004
2414882
2408532
2408498
2391616
2390404
2390043
2388381
2386940
2383146
2382225
2382027
2381943
2378614
2378096
2377412
2375483
2372058
2371689
2371490
2369460
2369459
2367391
2363594
2359079
2394376
2358219
2356932
2356931
2356061
2355853
2354528
2350564
2349593
2348294
2346201
2345885
2345819
2345818
2345815
2345814
2335155
2334765
2333829
2332243
2328380
2327269
2326623
2324778
2324275
2324146
2321653
2320734
2320587
2320318
2322398
2317360
2315030
2313479
2313295
2312380
2310921
2309262
2308736
2308735
2307496
2306896
2306615
2305945
2303283
2301249
2300470
2297729
2296666
2295957
2295777
2295348
2295196
2294666
2292981
2292980
2290281
2289706
2287785
2282815
2282095
2281995
2280611
2278846
2276729
2276111
2274977
2274976
2274371
2272683
2272558
2292561
2292555
2292554
2292551
2292546
2292543
2292542
2292539
2267737
2265779
2263586
2262062
2261410
2260044
2255964
2254738
2254736
2254141
2254107
2252835
2252530
2248308
2246615
2246614
2246611
2246606
2246268
2244976
2238023
2235967
2232877
2232876
2232745
2231400
2230360
2226371
2224105
2223543
2223541
2223540
2223539
2222167
2222165
2221597
2220867
2219832
2218622
2217884
2217465
2217464
2217461
2217460
2216872
2214479
2214093
2212368
2212259
2212257
2212255
2210666
2209624
2208540
2207601
2207350
2205219
2205217
2205216
2203209
2202607
2198211
2195867
2195058
2193638
2189623
2188424
2188044
2188337
2187547
2187500
2187406
2184422
2184419
2184005
2183588
2183365
2183364
2183362
2183361
2183356
2182351
2182350
2182260
2181945
2181317
2180975
2180774
2180475
2179675
2178739
2178684
2175560
2175552
2173708
2171912
2171064
2168217
2165592
2165549
2164211
2164125
2164123
2158576
2157813
2157601
2157588
2157481
2157224
2156804
2152380
2152130
2151897
2151731
2151174
2148239
2148186
2148185
2147345
2146670
2146668
2146666
2146662
2146438
2146350
2145913
2142307
2142033
2142030
2140508
2140378
2138071
2137672
2135124
2135123
2135045
2132752
2132410
2151607
2130141
2129782
2129230
2127913
2127899
2118035
2117816
2115848
2115820
2115205
2114532
2112609
2111618
2111549
2108203
2107443
2106965
2106669
2104964
2104301
2104299
2104298
2104181
2103865
2103579
2103435
2103400
2098703
2097794
2094862
2094696
2093821
2093634
2091303
2089968
2089816
2087430
2107724
2082081
2081170
2080176
2081544
2078599
2077409
2076355
2074343
2073852
2072671
2070378
2069955
2069843
2068444
2067179
2066840
2063757
2063203
2063200
2063199
2063197
2063174
2063147
2062165
2059679
2059410
2058527
2057885
2057876
2057290
2056450
2056173
2055814
2053480
2051531
2051512
2166520
2051024
2050807
2048126
2047946
2047067
2070252
2046176
2044491
2044440
2044034
2044032
2041646
2041641
2040214
2038331
2036385
2035254
2035252
2034406
2034400
2034333
2032625
2032433
2029874
2029655
2028587
2028585
2027553
2027551
2027354
2025171
2022321
2021273
2021031
2020454
2019151
2019132
2014559
2013554
2012237
2008618
2008459
2007981
2007234
2006936
2004564
2004267
2002979
2002817
2001380
1998903
1997931
1997267
1995403
1995402
1994637
1993999
1993907
2007058
1990905
1989498
1989484
1989342
1989206
1984396
1983308
1981746
1981745
1979653
1979652
1979221
1978905
1978155
1977238
1971637
1971520
1971031
1970549
1969847
1968346
1968344
1968284
1968251
1967191
1961965
1960372
1960347
1959425
1958682
1958015
1957697
1958683
1953339
1952388
1951439
1950349
1949217
1949211
1946545
1946063
2158909
1945163
2158911
1942710
1942700
1942698
1941998
1941929
1935760
1934361
1933444
1929269
1928284
1925372
1925064
1925048
1922827
1922692
1920389
1918946
1918945
1917567
1915285
1914154
1911862
1911672
1911671
1911667
1911659
1911652
1911648
1910449
1910383
1910312
1909785
1909279
1908854
1908100
1902062
1899710
1895583
1895559
1894818
1894609
1894142
1893844
1892591
1892494
1892488
1892359
1892302
1890656
1890352
1890111
1888680
1888609
1888580
1888095
1887050
1886571
1885373
1883335
1882947
1881503
1881365
1881364
1880490
1880913
1879990
1879198
1878651
1877278
1877277
1877276
1877273
1877188
1876546
1876068
1876067
1875761
1875611
1875065
1874696
1873656
1873628
1872691
1871865
1871523
1871443
1871442
1870074
1870073
1869716
1869546
1867934
1866935
1866650
1866454
1865859
1865782
1865781
1864015
1863200
1861750
1861584
1861497
1859937
1859324
1858718
1857092
1855672
1855481
1853114
1852485
1849720
1847279
1846675
1846414
1846412
1845901
1845900
1844558
1841083
1839159
1837926
1837920
1836330
1834845
1835371
1829510
1829087
1829077
1827884
1827851
1825218
1824912
1823793
1823786
1823290
1822831
1822326
1821239
1821440
1820095
1820088
1819713
1818155
1816854
1815306
1814927
1814112
1814097
1811808
1810494
1808071
1808070
1807714
1805838
1805449
1803442
1801736
1800092
1797845
1796210
1795445
1795249
1794348
1793585
1791949
1790516
1787966
1787365
1786896
1786895
1786894
1786893
1784912
1782777
1782736
1781278
1781163
1781162
1780432
1780311
1779790
1778661
1778064
1777954
1777718
1775790
1775159
1772531
1772198
1771708
1770343
1768961
1767259
1766954
1766953
1766527
1766526
1765556
1764602
1764285
1763714
1762184
1760896
1760870
1759889
1759864
1757416
1939489
1755338
1754408
1754405
1754404
1754055
1753194
1752666
1750641
1750195
1750193
1750050
1748888
1748195
1748194
1748193
1748192
1748191
1747062
1744863
1743825
1742671
1742525
1741148
1740023
1739520
1738468
1737982
1737429
1737237
1737236
1736499
1735632
1735455
1734896
1734529
1734092
1734090
1733454
1731802
1730814
1729955
1729913
1729158
1727886
1726684
1726683
1726442
1725397
1723606
1723536
1723220
1723078
1723039
1723187
1722182
1722180
1721080
1721076
1720650
1720380
1718576
1718514
1717725
1717078
1717043
1717049
1716410
1716407
1716299
1716298
1715810
1715598
1715315
1715291
1715290
1714163
1714162
1714065
1711177
1710556
1710337
1708451
1708096
1706321
1704951
1704949
1704142
1704138
1704027
1703814
1702257
1700752
1700440
1699951
1698458
1698457
1697389
1697160
1695930
1693874
1691651
1691019
1687960
1686835
1686390
2216875
2216876
1683754
1680085
1677446
1675571
1670628
1669317
1669105
1668924
1666210
1666199
1666086
1666002
1666001
1665992
1665988
1665646
1665645
1665644
1665430
1665379
1664599
1664353
1663571
1663118
1663116
1662213
1660415
1659885
1659616
1658928
1658273
1657900
1657563
1656773
1654909
1654730
1652145
2617993
1651878
2151271
1648923
1647318
1647058
1645177
1644962
1644633
1642969
1641492
1640865
1640823
1636219
2152282
1633509
1631096
1630886
1629006
1626133
1625345
1625223
1624591
1623395
1619398
1618573
1617087
1616861
1616744
1616458
1616014
1616000
1615999
1614283
1614040
1613997
1613877
1613526
1613104
1612673
1612368
1612365
1611041
1611042
1610310
1609889
1609459
1608147
1608070
1608063
1608054
1608052
1608051
1608050
1608102
1608030
1608023
1606414
1605558
1605009
1603294
1602763
1602680
1602678
1601301
1600582
1595228
1594459
1593455
1592420
1592334
1591900
1591591
1589487
1588898
1588768
1588767
1587195
1584978
1583563
1583162
1580724
1579817
1577421
1577420
1577419
1577230
1576652
1576650
1576647
1575930
1575226
1575225
1574765
1574750
1573769
1573707
1572652
1572401
1570386
1570209
1570122
1570089
1569811
1569263
1569137
1568553
1567937
1567751
1567235
1567022
1566801
1565868
1565416
1565388
1564678
1563732
1563731
1562523
1562438
1561547
1561231
1560371
1559548
1559547
1558659
1558071
1557691
1557568
1557504
1557436
1556860
1556716
1556183
1556182
1555584
1555421
1555211
1555210
1553692
1552231
1552033
1550934
1548812
1548388
1548385
1548218
1548146
1547439
1547360
1547277
1547254
1547073
1546610
1546600
1546598
1545840
1545839
1545740
1545611
1545238
1545220
1545219
1545212
1545211
1545090
1544339
1543870
1543656
1541508
1539049
1537137
1536920
1536243
1536242
1535536
1535378
1535025
1534312
1534310
1534309
1533619
1533485
1533483
1532377
1531474
1531036
2159377
1529436
1529324
1529256
1528195
1527951
1525249
1525019
1524629
1523637
1522121
1522120
1521604
1521466
1521308
1520544
1519699
1519118
1518987
1518986
1518984
1518981
1518321
1518320
1513868
1513735
1513730
1513381
1513144
1512523
1511435
1511119
1509915
1507642
1507419
1503019
1502101
1501351
1501302
1500098
1498456
1498454
1498453
1498395
1497910
1497903
1497851
1497363
1497236
1497161
1496260
1495539
1494332
1494123
1493933
1493931
1493930
1493371
1492711
1492697
1492431
1491960
1491308
1491079
1490186
1489974
1489401
1489390
1487639
1487648
1487207
1485824
1485818
1484133
1483967
1482239
1479589
1477769
1477763
1477757
1477740
1475060
1908115
1473188
1472268
1472266
1471574
1471573
1470967
1470771
1470189
1470100
1469864
1469391
1469346
1469344
1469343
1468864
1467827
1467725
1467723
1467610
1467521
1465891
1465325
1465192
1464359
1463606
1463459
1462180
1461953
1460368
1460367
1460042
1458813
1458252
2157172
2157171
2157170
2157169
1794478
1456914
1455877
1522953
1450116
1447045
1446438
1445572
1444084
1444081
1442476
1441757
1440837
1439903
1440388
1438854
1438849
1438430
1436547
1434800
1434412
1434358
1433671
1433534
1433530
1433151
1429462
1429343
1428968
1428881
1428588
1427509
1426020
1426019
1426018
1423710
1423565
1423292
2157175
1422992
1422436
1421844
1418209
1415789
1415318
1414707
1414705
1413540
1410531
1410282
1409589
1408603
1406308
1406282
1406035
1405678
1405081
1405041
1404398
1404371
1402565
1402369
1402172
1400623
1399014
1398740
1398737
1398680
1398383
1398369
1398104
1398103
1397529
1395795
1394746
1394012
1389968
1388040
1386636
1385733
1385378
1385351
1385339
1385336
1384849
1384848
1383953
1383763
1382682
1382001
1381904
1381877
1381317
1381137
1378898
1376856
1376440
1375565
1375564
1375563
1373530
1372338
1371846
1371845
1371506
1369283
1369282
1363710
1363356
1359858
1359854
1359850
1359846
1358951
1898863
1357174
1357081
1357080
1356432
1356183
1355956
1355935
1354413
1353838
1352378
2033693
1350574
1349474
1347472
1346711
1346364
1346362
1343753
1342675
1340909
1340472
1340457
1339921
1339920
1339183
1338193
1337879
1337707
1334680
1334415
1332974
1331697
1327138
1326125
1325788
1323806
1323804
1323181
1323001
1322561
1321136
1321068
1320994
1320069
1319460
1319458
1319201
1318823
1318470
1318297
1318292
1317442
1317085
1317066
1317034
1316693
1316536
1316083
1315094
1314572
1314276
1311545
1311479
1310818
1310154
1307069
1306347
1306200
1305912
1305896
1305895
1304957
1304013
1303281
1302482
1301884
1301765
1299940
1299674
1299673
1298708
1298706
1298641
1298131
1296879
1296170
1292769
1292232
1289656
1288788
1287628
1286483
1285225
1284634
1282029
1280395
1279621
1278742
1278484
1278478
1277906
1277905
1277904
1277900
1277138
1277094
1276057
1275075
1275074
1275002
1274853
1272631
1270885
1270086
1269964
1269871
1268218
1267090
1267018
1265917
1265629
1265377
1264999
1264181
1263733
1262271
1262099
1261065
1260885
1259960
1259835
1258663
1258405
1256827
1256384
1256383
1256381
1256336
1255902
1255901
1254483
1253869
1253371
1252550
1250525
1249401
1247383
1246589
1246374
1246369
1246367
1246363
1246362
1245630
1243349
1243264
1242632
1241999
1241682
1241143
1240431
1240315
1240173
1240252
1240251
1240250
1239078
1238809
1238022
1236994
1236988
1236929
1236302
1235457
1234624
1234296
1233966
1232599
1232222
1231276
1230886
1230885
1230141
1230110
1229102
1227362
1227312
1225283
1224668
1224666
1224636
1224635
1223467
1223211
1992421
1222629
1222628
1222251
1221981
1221359
1220724
1220723
1220184
1219841
1216637
1218332
1213594
1213235
1212129
1211765
1211269
1211268
1211098
1209889
1209423
1207206
1206990
1206007
1204738
1204737
1204354
1203160
1202750
1203030
1201584
1201582
1203028
1203024
1203020
1201200
1197052
1196626
1195864
1195795
1195625
1195624
1194576
1194280
1194085
1191367
1190356
1190183
1189557
1189313
1189022
1188824
1188821
1188586
1188825
1186031
1185900
1185899
1184720
1184719
1184707
1184532
1184482
1183987
1183148
1182450
1182448
1182331
1181860
1181333
1179140
1178007
1177459
1177457
1177454
1177453
1177178
1176878
1176511
1175600
1173343
1172990
1170340
1169775
1169773
1166820
1166810
1166807
1166804
1166801
1166800
1166797
1166792
1166790
1165922
1165659
1165307
1165306
1164542
1164245
1162931
1161754
1161705
1161704
1161271
1161055
1161026
1160802
1160381
1160080
1158639
1158638
1158149
1157789
1156932
1156239
1155947
1151335
1151261
1151060
1150696
1150633
1150632
1149626
1147627
1147797
1145862
1144554
1671959
1141822
1140633
1140428
1622686
1139575
1139235
1138028
1137216
1138211
1135646
1135606
1135239
1134072
1134071
1139456
1131882
1129507
1129246
1129045
1127150
1127063
1127062
1126790
1126684
1125348
1124022
1123904
1123715
1122763
1122073
1121261
1121132
1122407
1129248
1120459
1119907
1119441
1129240
1117851
1117828
1115196
1115195
1113171
1112686
1111774
1110666
1108846
1108519
1106877
1106408
1104762
1104252
1102036
1101950
1101762
1100954
1100261
1097659
1097417
1093937
1093530
1093529
1093527
1093526
1092257
1091400
1091173
1671960
1090469
1090466
1090157
1089675
1089145
1087579
1087078
1087027
1086726
1084195
1084151
1083491
1670901
1081532
1079252
1078894
1078805
1077515
1077234
1077127
1076933
1076530
1076487
1076142
1075090
1074809
1074250
1074202
1073775
1073774
1073696
1073693
1073677
1073670
1073650
1072769
2308586
1072420
1071119
1069207
1069154
1069080
1068548
1068232
1068185
1068167
1066690
1065580
1065238
1064857
1064847
1064846
1906905
1062889
1906928
1201702
1201680
1201679
1201661
1061845
1059200
1058114
1057983
1054403
1053902
1053969
1052427
1052426
1047333
1047328
1045391
1045324
1045161
1045160
1044519
1074949
1044432
1044406
1044106
1043352
1042199
1053133
1041138
1041137
1041136
1041135
1040020
1039087
1038966
1038838
1038735
1038733
1038732
1038425
1038158
1038156
1037384
1037317
1037090
1036715
1034662
1033950
1033735
1033734
1033934
1033130
1033128
1032625
1032362
1029858
1029340
1028986
1028443
1028441
1027327
1027323
1027321
1027319
1027060
1026538
1026424
1025623
1025622
1024661
1023469
1022864
1019854
1019564
1019563
1017961
1016971
1016970
1016969
1016968
1016135
1014915
1014914
1019401
1013607
1013496
1013226
1013220
1013005
1013264
1012847
1012394
1010855
1010845
1010821
1010630
1009616
1009615
1007297
1004910
1011871
1001115
1038446
998043
1011887
997291
996277
995716
995055
995053
995051
995048
995044
995043
993605
992576
992304
992041
1011548
991854
990678
990552
990551
990325
989863
989624
988925
988055
985078
984948
984267
983752
981275
981273
980589
979174
977697
977035
975384
1011544
972205
972100
970927
970925
970188
970187
969557
969354
969166
969069
968507
967257
965920
963879
963294
962821
962228
962225
962224
961347
958826
958825
957245
957074
955116
954838
952852
952769
952248
951835
951833
951744
951742
951741
950441
949289
951832
951830
947837
946394
946156
1623545
1922373
1021588
943733
943705
942572
942571
942355
942353
942084
941396
940991
940990
939692
938384
937967
937007
936857
936650
936093
934840
934839
933789
931461
930343
930103
929666
929477
929309
928149
942884
926255
925647
925508
925226
923823
922848
922641
922347
922213
919872
919070
918660
918658
918452
918256
918255
918254
918253
915544
915021
915020
1022481
914379
913721
913604
912262
910157
909583
909574
909555
909057
1632680
907284
906688
906013
905370
905369
905124
905315
905314
905050
903644
903290
903125
902025
902024
902022
901842
901658
901420
901307
901292
901032
900849
900700
900615
900597
900282
900280
900278
900277
900051
899743
899322
896861
896574
895637
895445
894552
894220
892660
888608
888596
888015
887867
887141
887139
887009
886439
886199
900297
885014
883789
882868
882866
882865
879843
879430
879138
878597
878241
878164
877632
876722
875176
875005
874921
873905
873903
873902
873410
873402
873332
873287
872575
872240
872237
872226
871181
870904
870253
869553
868760
868629
868578
868496
868381
868380
867984
866802
863454
862705
862631
862422
861581
861579
861497
859262
858254
856171
855836
855223
853097
851806
850997
850524
850522
849910
1623392
847819
846939
845563
842673
841028
840207
838041
838038
838037
838036
836690
835309
835291
835288
833575
832357
832355
832354
832097
828739
827040
827037
826918
823234
822913
822132
822114
821398
820690
820689
820201
820200
820089
819990
1623394
817601
817593
817592
817142
807665
807594
807438
807153
806338
806337
806133
806132
806082
804278
802126
802014
801981
801049
800294
796580
796006
794849
791740
788856
788834
788527
806591
785154
783323
781284
780739
779814
778243
778239
776896
776744
776493
774551
773473
772737
772632
772367
770991
769781
769645
769639
769503
766709
766705
764546
764544
762935
762628
761667
760445
1498768
750274
749917
749262
748182
746492
1664892
738012
736808
735957
735460
733907
732778
732055
731541
729232
729110
882994
725718
724169
722353
1622473
721463
718969
718536
714476
709258
704544
703676
591060
590241
589724
589392
589276
588349
587420
587015
586254
582547
579603
579200
577911
577048
1175032
642205
575648
563140
562737
561126
558394
558209
556798
555665
553728
551290
547310
547151
546997
546325
546016
545017
544669
544594
544593
543860
542390
542389
540547
539021
536713
536169
813130
535789
535519
533755
531390
530866
1665626
526625
523175
523174
522968
520446
520370
520128
520124
520122
518744
514766
512616
1885034
509789
509269
509099
509048
509047
509045
508045
505936
505148
503581
501716
500187
498953
498310
497727
496702
492668
489018
485541
480390
480143
476672
474807
474804
474800
470388
470381
470059
466630
464399
464122
461918
461650
460404
460168
459846
459843
454020
452604
447985
446295
444956
441631
441028
432947
432221
1307520
429337
424930
422748
417990
417882
417881
417058
417047
410914
1179767
395795
388185
384591
384351
383852
383200
382594
381084
380602
375646
375342
363919
362652
344555
344553
941029
335474
329528
327958
324542
324074
316679
311733
311732
311731
305532
305530
305529
304986
304807
304392
299984
299457
292000
289820
288621
285280
284263
283035
282648
279259
279258
276192
275134
272184
269345
269088
723689
235269
233462
230481
228288
225532
221516
220806
218941
218545
1314753
217302
216177
214256
208946
206593
203684
198629
198564
189520
186873
186187
182040
176829
170640
170622
168001
167500
167498
167497
162868
2927148
150612
142936
140970
135335
132960
123294
108426
106390
106180
105199
103395
98941
92991
88288
1080679
65346
48792
47957
44623
43618
34616
32861
31200
30046
28255
28203
28196
22969
21777
19197
18835
18308
13655
9866
7962
7049
7026
2665
61
2939425
2938188
2930104
2944289
2943006
1240106
2940900
708558
359117
