2908501
2902447
2902446
2888122
2883234
2882396
2869488
2868097
2865246
2853412
2846939
2843339
2842964
2838090
2836270
2836053
2836052
2835759
2831941
2831823
2827263
2824787
2808267
2807861
2807860
2807859
2805580
2797254
2787461
2786308
2783662
2781224
2769952
2767568
2761481
2742092
2728102
2720842
2713127
2710134
2701358
2692752
2679755
2669051
2661414
2658813
2653724
2651658
2649655
2647208
2646156
2642505
2641866
2638357
2635175
2633701
2620849
2619690
2614916
2598709
2598691
2598678
2595201
2581401
2577195
2572515
2565934
2562820
2557751
2553288
2552571
2552012
2550966
2542964
2539129
2535582
2532034
2532032
2517292
2751713
2509061
2507067
2504313
2497636
2496552
2494849
2492255
2488832
2486130
2484507
2477251
2475937
2475307
2472400
2468640
2468638
2468333
2466924
2465813
2458529
2456463
2454327
2452644
2452533
2452371
2450699
2449369
2445956
2439279
2439273
2428336
2421056
2416132
2408454
2405101
2403220
2397079
2384313
2377945
2377039
2366582
2345933
2345472
2343455
2338984
2338547
2338541
2334040
2326212
2325546
2324283
2324268
2321336
2317445
2312688
2312096
2312092
2309041
2304214
2301163
2293609
2291477
2289232
2287192
2283156
2282780
2281856
2279164
2278060
2277197
2272141
2271641
2263758
2261259
2260698
2254668
2252900
2250007
2248549
2244643
2244355
2243932
2241389
2241388
2227013
2227011
2220213
2839237
2216884
2213261
2204693
2204692
2202710
2202632
2200438
2198505
2198504
2198209
2197966
2194454
2192423
2186358
2185795
2184428
2183998
2182586
2182584
2181759
2180355
2175913
2175402
2166027
2162461
2160593
2158884
2158485
2156697
2150778
2148159
2144417
2139593
2151608
2132323
2131592
2124212
2123990
2123826
2120958
2120873
2148054
2148596
2113267
2111763
2110567
2103589
2103564
2102692
2101521
2100651
2099548
2097115
2096196
2095693
2095080
2082591
2080467
2079417
2075120
2074559
2073752
2072450
2070270
2068783
2062013
2053371
2051909
2051402
2051398
2050705
2050702
2050701
2050621
2050620
2050366
2050237
2048131
2047469
2046008
2044759
2044554
2043863
2043858
2043794
2042050
2020542
2017399
2014159
2012355
2012223
2008518
2008349
2007899
2005919
2002235
2000461
1995496
1993357
1993005
1987415
1987407
1980869
1980473
1973488
1970055
1969163
1967617
1965923
1963114
1959366
1956409
1951782
1945408
1941333
1939722
1936564
1928934
1928933
1928389
1928008
1927648
1925842
1923437
1922400
1918551
1914527
1914526
1913648
1909327
1905641
1900718
1897427
1890381
1888217
1886423
1885279
1885277
1885273
1878450
1876161
1876005
1872940
1871578
1871354
1871351
1871172
1870669
1870182
1868871
1868689
1868506
1867513
1867511
1866413
1865760
1864840
1863183
1862972
1858671
1858058
1875616
1853026
1852784
1849679
1847370
1845477
1841625
1841624
1840766
1837911
1834477
1828636
1828075
1827997
1827988
1827945
1827732
1824641
1821528
1821188
1819884
1819437
1813911
1812505
1812119
1811845
1809757
1809365
1805391
1802522
1796926
1796863
1795731
1793603
1793602
1791704
1791699
1790866
1784301
1783062
1782995
1780835
1780625
1779477
1778176
1776887
1774469
1773568
1771764
1769093
1768950
1757613
1757612
1754054
1751775
1750431
1746428
1744247
1744205
1741315
1739967
1726198
1726197
1726196
1725366
1725365
1722728
1721025
1716386
1714170
1713306
1711843
1706774
1706372
1704538
1699113
1690079
1689943
1689468
1685969
1680852
1680684
1680849
1679885
1678707
1678486
1670723
1668519
1668190
1666912
1665544
1663460
1659814
1659567
1658790
2112180
1653966
1652254
1651381
1651380
1649864
1647126
1638875
1633724
1633376
1632934
1632172
1628682
1628390
1626410
1625705
1624431
1617693
1617480
1617386
1617139
1615712
1606718
1605610
1605014
1600354
1599931
1834591
1595721
1595300
1588574
1585062
1580248
1575324
1574895
1574606
1573325
1572978
1571861
1571466
1569521
1566485
1565800
1562852
1557782
1557752
1555838
1555415
1555396
1547247
1544395
1536954
1524942
1524086
1523840
1523520
1519149
1517502
1517293
1505120
1503264
1503021
1500713
1499428
1495776
1495126
1494564
1487775
1487256
1483320
1480080
1479445
1477345
1472607
1469597
1468285
1465819
1464838
1464371
1463908
1463231
1462270
1462240
1459784
1458719
1455915
1455910
1455367
1454349
1448225
1446880
1444820
1444308
1440336
1439092
1438273
1436020
1431425
1430607
1428018
1424275
1422212
1417119
1413970
1412578
1406602
1405667
1397499
1395128
1393199
1390293
1387212
1386700
1386293
1382518
1377021
1375304
1374405
1371439
1371370
1370931
1370926
1370414
1368938
1368549
1363635
1361154
1359622
1357953
1357773
1357771
1353872
1353505
1350714
1346540
1346360
1345848
1345698
1344052
1342337
1342329
1340055
1337376
1336371
1332632
1331086
1327796
1327600
1323368
1323367
1319985
1319174
1313188
1312141
1312140
1309371
1307508
1302609
1302592
1300113
1298010
1297097
1296709
1297797
1292743
1292450
1291303
1290274
1289636
1288124
1286754
1286182
1286127
1281930
1281922
1281920
1280466
1280303
1280092
1279330
1279025
1278187
1276717
1274738
1271911
1270432
1269394
1268991
1268553
1268153
1267271
1266504
1265727
1264290
1258884
1258632
1256399
1253876
1252118
1250918
1250105
1882308
1249584
1248909
1246571
1246444
1243730
1243121
1240541
1240299
1235905
1235904
1233068
1232859
1229694
1229187
1229186
1229106
1228377
1227359
1222005
1221510
1220481
1217299
1216930
1215826
1215573
1214855
1214319
1213071
1204618
1203686
1202839
1194084
1190393
1190159
1189385
1188633
1188380
1188271
1187244
1219099
1184481
1180524
1180232
1179166
1176961
1174096
1166606
1162123
1154847
1151275
1150544
1473405
1149233
1145118
1144782
1142966
1142451
1142346
1140785
1140443
1139924
1138650
1138606
1138343
1137137
1137079
1133974
1128819
1124874
1354780
1122326
1121118
1119656
1129239
1118256
1113203
1110998
1110517
1109950
1109686
1109507
1109032
1109027
1667972
1108293
1106472
1105937
1101763
1101096
1100956
1100606
1100576
1100295
1099675
1095957
1094766
1093375
1091489
1087304
1085545
1083677
1079237
1063304
1061226
1060688
1060681
1060650
1060549
1056074
1047334
1047326
1046106
1044380
1044375
1044331
1043879
1042823
1040670
1039584
1202538
1032998
1029082
1026505
1026445
1022113
1019731
1019475
1018899
1015935
1013730
1013619
1013147
1011629
1035293
1011219
1009096
1008705
1003377
1000864
999935
996271
995933
995803
995360
995357
995268
993179
991893
991356
987488
985046
984661
982880
980326
977917
977695
971464
1579461
966091
961916
961914
961913
961375
959922
955638
954645
950577
950575
950467
950437
943734
943030
1021157
938156
1070197
935444
932831
932667
928320
928439
928100
926592
924037
924022
923894
922100
921994
997211
918570
915916
915535
915081
914860
913349
913041
906491
906427
905231
900190
900188
897890
895801
893507
892414
892410
886685
886228
884351
883944
883169
881251
880987
880984
878979
878559
877038
876439
876130
876129
874984
874353
873126
872001
871880
869411
868009
866565
865516
863657
863359
862800
862346
863655
859564
859522
856924
849041
844196
842753
841596
981234
835467
833690
834652
830349
827255
825362
820886
816126
816000
813129
970501
807988
804178
801978
799545
796861
785969
785674
784073
783611
781519
781448
781430
777104
776836
776810
776268
768713
764673
763196
757419
754079
753611
751258
750606
749311
749295
747152
746303
746187
744154
743638
822597
741746
741316
740146
739561
739009
736804
735982
739498
734940
734577
733704
728227
727534
1394163
719774
719033
718633
717927
944117
713208
713200
711538
705471
704367
703870
703869
703859
587453
586225
580952
577417
576835
573126
571639
1440584
565697
562337
556179
550640
547760
544921
538851
531653
528989
522235
519569
518626
842495
517039
512269
509668
509569
509568
509372
507752
495129
494612
494390
493408
492471
492305
489833
488718
486856
478134
478131
475695
469868
465047
460598
457084
457096
454951
462940
452068
1487146
450602
1668030
443571
439391
436882
435697
433645
426866
425794
425089
424366
422485
415114
1195535
396569
395551
1185960
385769
385577
1276745
383885
379446
376854
376594
1577024
371931
367389
360241
354247
353597
855214
348360
348091
343682
340709
337862
334048
359054
327129
325865
320672
319377
319324
315360
314801
313742
310575
308655
307194
299978
295908
295312
289789
288334
283506
983987
276931
272261
267472
267142
265046
264105
1230249
263256
250466
250422
835684
241243
223847
216960
216534
201471
200315
198032
177775
176320
169148
159330
157686
946047
135437
1100466
123844
112834
111415
103443
599515
100392
98461
86932
596494
77697
76732
70480
68991
63399
62652
44273
29815
22424
22045
21616
885982
14660
12371
10731
9913
9751
8551
4612
4531
1946
557
272
2938094
1309259
1201035
1014167
984463
1110197
1110196
1110194
855895
827093
821793
814860
808201
782780
777109
763495
760063
747130
711746
550450
513420
459712
387206
1197459
1256095
320218
218796
132301
